# oST version 5.0 parameters


[image]

width
2592

height
2048

[narrow_stereo]

camera matrix
1308.893122 0.000000 1273.641497
0.000000 1312.672958 1040.369299
0.000000 0.000000 1.000000

distortion
-0.096766 0.039870 0.000435 0.001018 0.000000

rectification
1.000000 0.000000 0.000000
0.000000 1.000000 0.000000
0.000000 0.000000 1.000000

projection
1247.037964 0.000000 1279.709536 0.000000
0.000000 1254.145264 1040.601020 0.000000
0.000000 0.000000 1.000000 0.000000
